[1] "EFA Results Summary"
[1] "==================="
[1] "\nFactor Loadings:"

Loadings:
      ML1    ML3    ML7    ML2    ML5    ML6    ML4   
I1     0.270         0.565                            
I2    -0.103         0.600                       0.192
I3                   0.542  0.146         0.125       
I4     0.273         0.488  0.110                     
I5            0.204  0.409         0.112  0.251       
I6     0.165         0.489  0.119                     
I7     0.162         0.540                       0.102
I8     0.323  0.155 -0.135  0.141  0.103              
I9     0.745         0.142                            
I10_r -0.597        -0.239                            
I11                  0.322                0.402       
I12    0.595         0.301 -0.114                     
I13    0.781        -0.172  0.123                     
I14           0.751                                   
I15                         0.827                     
I16_r                              0.758              
I17                         0.135                0.743
I18                         0.728        -0.100       
I19    0.130  0.127                0.501         0.241
I20_r                              0.805              
I21           0.913                                   
I22_r                              0.741              
I23                                0.271         0.452
I24                                              0.876
I25          -0.813                                   
I27           0.667                       0.220  0.122
I28                         0.931                     
I29           0.747         0.184         0.149       
I30_r                0.109  0.668                     
I31_r  0.167         0.327         0.149  0.198       
I32   -0.108        -0.241        -0.200 -0.459       
I33          -0.163                      -0.677       
I34_r  0.248         0.104                0.500       
I35_r  0.101        -0.156        -0.107 -0.288       
I36_r                              0.215  0.431       
I37_r               -0.321                            
I38_r  0.548  0.111                       0.218       

                 ML1   ML3   ML7   ML2   ML5   ML6   ML4
SS loadings    2.674 3.240 2.581 2.734 2.314 1.664 1.712
Proportion Var 0.072 0.088 0.070 0.074 0.063 0.045 0.046
Cumulative Var 0.072 0.160 0.230 0.303 0.366 0.411 0.457
[1] "\nFactor Correlations:"
          [,1]      [,2]      [,3]      [,4]      [,5]      [,6]      [,7]
[1,] 1.0000000 0.3708236 0.6677913 0.3820290 0.4183816 0.5897034 0.3088029
[2,] 0.3708236 1.0000000 0.1795772 0.5402121 0.3619935 0.4435933 0.3099970
[3,] 0.6677913 0.1795772 1.0000000 0.1582421 0.3313191 0.5407147 0.2542791
[4,] 0.3820290 0.5402121 0.1582421 1.0000000 0.4679800 0.2858426 0.4951205
[5,] 0.4183816 0.3619935 0.3313191 0.4679800 1.0000000 0.3167156 0.5115991
[6,] 0.5897034 0.4435933 0.5407147 0.2858426 0.3167156 1.0000000 0.2242306
[7,] 0.3088029 0.3099970 0.2542791 0.4951205 0.5115991 0.2242306 1.0000000
[1] "\nEigenvalues:"
 [1] 12.633401201  3.303707866  2.000924911  1.235110464  0.933232260
 [6]  0.715017665  0.654824394  0.432648655  0.308080577  0.302298594
[11]  0.256713874  0.203222170  0.165227434  0.154662892  0.133063868
[16]  0.117341617  0.067193528  0.049382884  0.036498236  0.018912154
[21]  0.003636757 -0.020951377 -0.041922791 -0.054241660 -0.079944123
[26] -0.086396751 -0.098382893 -0.108884593 -0.138692797 -0.153297342
[31] -0.169164871 -0.177359380 -0.181243462 -0.216559834 -0.227623985
[36] -0.252886251 -0.258416218
[1] "\nVariance Accounted For:"
                            ML1        ML3        ML7       ML2        ML5
SS loadings           3.7353457 3.69714170 3.52342771 3.1757099 2.83113178
Proportion Var        0.1009553 0.09992275 0.09522778 0.0858300 0.07651708
Cumulative Var        0.1009553 0.20087804 0.29610581 0.3819358 0.45845289
Proportion Explained  0.1740679 0.17228756 0.16419245 0.1479887 0.13193132
Cumulative Proportion 0.1740679 0.34635543 0.51054787 0.6585366 0.79046792
                             ML6        ML4
SS loadings           2.43640269 2.05997419
Proportion Var        0.06584872 0.05567498
Cumulative Var        0.52430161 0.57997659
Proportion Explained  0.11353686 0.09599522
Cumulative Proportion 0.90400478 1.00000000
[1] "\nFit Indices:"
[1] 791.7769
     RMSEA      lower      upper confidence 
0.05375083 0.04805384 0.05979162 0.90000000 
[1] 0.9069489
