EFA Ergebnisse
=============

Faktorladungen:

Loadings:
      ML1    ML3    ML7    ML2    ML5    ML6    ML4   
I1                   0.565                            
I2                   0.600                            
I3                   0.542                            
I4                   0.488                            
I5                   0.409                            
I6                   0.489                            
I7                   0.540                            
I8     0.323                                          
I9     0.745                                          
I10_r -0.597                                          
I11                  0.322                0.402       
I12    0.595         0.301                            
I13    0.781                                          
I14           0.751                                   
I15                         0.827                     
I16_r                              0.758              
I17                                              0.743
I18                         0.728                     
I19                                0.501              
I20_r                              0.805              
I21           0.913                                   
I22_r                              0.741              
I23                                              0.452
I24                                              0.876
I25          -0.813                                   
I27           0.667                                   
I28                         0.931                     
I29           0.747                                   
I30_r                       0.668                     
I31_r                0.327                            
I32                                      -0.459       
I33                                      -0.677       
I34_r                                     0.500       
I35_r                                                 
I36_r                                     0.431       
I37_r               -0.321                            
I38_r  0.548                                          

                 ML1   ML3   ML7   ML2   ML5   ML6   ML4
SS loadings    2.674 3.240 2.581 2.734 2.314 1.664 1.712
Proportion Var 0.072 0.088 0.070 0.074 0.063 0.045 0.046
Cumulative Var 0.072 0.160 0.230 0.303 0.366 0.411 0.457

Faktorkorrelationen:
          ML1       ML3       ML7       ML2       ML5       ML6       ML4
ML1 1.0000000 0.3334364 0.5592998 0.3495810 0.3613903 0.4852915 0.2669264
ML3 0.3334364 1.0000000 0.1584425 0.4995450 0.3233117 0.3744838 0.2734798
ML7 0.5592998 0.1584425 1.0000000 0.1346889 0.2774051 0.4198702 0.2126852
ML2 0.3495810 0.4995450 0.1346889 1.0000000 0.4168731 0.2420651 0.4446105
ML5 0.3613903 0.3233117 0.2774051 0.4168731 1.0000000 0.2512661 0.4360453
ML6 0.4852915 0.3744838 0.4198702 0.2420651 0.2512661 1.0000000 0.1834119
ML4 0.2669264 0.2734798 0.2126852 0.4446105 0.4360453 0.1834119 1.0000000

Modell-Fit:
Chi-Quadrat: 791.7769 
df: 428 
p-Wert: 4.785806e-24 
TLI: 0.9069489 
RMSEA: 0.05375083 

Varianzaufklärung:
                            ML1        ML3        ML7       ML2        ML5
SS loadings           3.7353457 3.69714170 3.52342771 3.1757099 2.83113178
Proportion Var        0.1009553 0.09992275 0.09522778 0.0858300 0.07651708
Cumulative Var        0.1009553 0.20087804 0.29610581 0.3819358 0.45845289
Proportion Explained  0.1740679 0.17228756 0.16419245 0.1479887 0.13193132
Cumulative Proportion 0.1740679 0.34635543 0.51054787 0.6585366 0.79046792
                             ML6        ML4
SS loadings           2.43640269 2.05997419
Proportion Var        0.06584872 0.05567498
Cumulative Var        0.52430161 0.57997659
Proportion Explained  0.11353686 0.09599522
Cumulative Proportion 0.90400478 1.00000000
