"","ML2","ML3","ML7","ML1","ML5","ML6","ML4"
"ML2",1,0.356,0.342,0.549,0.479,0.659,0.374
"ML3",0.356,1,0.54,0.493,0.429,0.491,0.336
"ML7",0.342,0.54,1,0.488,0.489,0.341,0.503
"ML1",0.549,0.493,0.488,1,0.454,0.507,0.291
"ML5",0.479,0.429,0.489,0.454,1,0.477,0.547
"ML6",0.659,0.491,0.341,0.507,0.477,1,0.276
"ML4",0.374,0.336,0.503,0.291,0.547,0.276,1
