% latex table generated in R 4.5.0 by xtable 1.8-4 package
% Mon May 26 00:04:25 2025
\begin{table}[ht]
\centering
\caption{Factor Correlation Matrix} 
\label{tab:factor_correlations}
\begin{tabular}{rrrrrrrr}
  \hline
 & F1 & F2 & F3 & F4 & F5 & F6 & F7 \\ 
  \hline
F1 & 1.00 & 0.33 & 0.56 & 0.35 & 0.36 & 0.49 & 0.27 \\ 
  F2 & 0.33 & 1.00 & 0.16 & 0.50 & 0.32 & 0.37 & 0.27 \\ 
  F3 & 0.56 & 0.16 & 1.00 & 0.13 & 0.28 & 0.42 & 0.21 \\ 
  F4 & 0.35 & 0.50 & 0.13 & 1.00 & 0.42 & 0.24 & 0.44 \\ 
  F5 & 0.36 & 0.32 & 0.28 & 0.42 & 1.00 & 0.25 & 0.44 \\ 
  F6 & 0.49 & 0.37 & 0.42 & 0.24 & 0.25 & 1.00 & 0.18 \\ 
  F7 & 0.27 & 0.27 & 0.21 & 0.44 & 0.44 & 0.18 & 1.00 \\ 
   \hline
\end{tabular}
\end{table}
