[1] "ESEM Analyse (37 Items, ohne I26)"
[1] "2025-05-24 00:42:47 CEST"
[1] "\nFaktorladungen:"

Loadings:
    ML1    ML3    ML7    ML2    ML5    ML6    ML4   
I1   0.270         0.565                            
I2  -0.103         0.600                       0.192
I3                 0.542  0.146         0.125       
I4   0.273         0.488  0.110                     
I5          0.204  0.409         0.112  0.251       
I6   0.165         0.489  0.119                     
I7   0.162         0.540                       0.102
I8   0.323  0.155 -0.135  0.141  0.103              
I9   0.745         0.142                            
I10 -0.597        -0.239                            
I11                0.322                0.402       
I12  0.595         0.301 -0.114                     
I13  0.781        -0.172  0.123                     
I14         0.751                                   
I15                       0.827                     
I16                              0.758              
I17                       0.135                0.743
I18                       0.728        -0.100       
I19  0.130  0.127                0.501         0.241
I20                              0.805              
I21         0.913                                   
I22                              0.741              
I23                              0.271         0.452
I24                                            0.876
I25        -0.813                                   
I27         0.667                       0.220  0.122
I28                       0.931                     
I29         0.747         0.184         0.149       
I30                0.109  0.668                     
I31  0.167         0.327         0.149  0.198       
I32 -0.108        -0.241        -0.200 -0.459       
I33        -0.163                      -0.677       
I34  0.248         0.104                0.500       
I35  0.101        -0.156        -0.107 -0.288       
I36                              0.215  0.431       
I37               -0.321                            
I38  0.548  0.111                       0.218       

                 ML1   ML3   ML7   ML2   ML5   ML6   ML4
SS loadings    2.676 3.240 2.579 2.736 2.314 1.664 1.713
Proportion Var 0.072 0.088 0.070 0.074 0.063 0.045 0.046
Cumulative Var 0.072 0.160 0.230 0.304 0.366 0.411 0.457
[1] "\nFaktorkorrelationen:"
      ML1   ML3   ML7   ML2   ML5   ML6   ML4
ML1 1.000 0.333 0.559 0.350 0.361 0.485 0.267
ML3 0.333 1.000 0.158 0.500 0.323 0.374 0.273
ML7 0.559 0.158 1.000 0.135 0.277 0.420 0.213
ML2 0.350 0.500 0.135 1.000 0.417 0.242 0.445
ML5 0.361 0.323 0.277 0.417 1.000 0.251 0.436
ML6 0.485 0.374 0.420 0.242 0.251 1.000 0.183
ML4 0.267 0.273 0.213 0.445 0.436 0.183 1.000
[1] "\nModell-Fit:"
[1] 791.7769
[1] 4.785806e-24
NULL
