[1] "ESEM Analyse (nur binäre Teilnehmende)"
[1] "2025-05-24 00:30:40 CEST"
[1] "\nFaktorladungen:"

Loadings:
      ML2    ML3    ML6    ML5    ML1    ML4   
I1     0.350         0.463                     
I7     0.275         0.483                0.109
I12    0.757         0.111        -0.122       
I4     0.329         0.476         0.113       
I10_r -0.717        -0.138                     
I3                   0.623         0.138       
I6     0.165         0.534         0.117       
I9     0.762         0.100                     
I21           0.842 -0.111                     
I29           0.902                0.113       
I14           0.747                            
I27           0.825                            
I28                  0.143         0.860       
I15    0.100                       0.836       
I18                 -0.105         0.713  0.154
I20_r                       0.818              
I16_r                       0.785              
I22_r                       0.713              
I24                         0.102         0.731
I17                                       0.865
I13    0.727        -0.155         0.198       
I2                   0.589                0.194
I5            0.213  0.535  0.174 -0.133       
I8     0.366  0.123 -0.162  0.157  0.142       
I11    0.201         0.493  0.109              
I19    0.111                0.501         0.167

                 ML2   ML3   ML6   ML5   ML1   ML4
SS loadings    2.757 2.877 2.377 2.164 2.147 1.430
Proportion Var 0.106 0.111 0.091 0.083 0.083 0.055
Cumulative Var 0.106 0.217 0.308 0.391 0.474 0.529
[1] "\nFaktorkorrelationen:"
      ML2   ML3   ML6   ML5   ML1   ML4
ML2 1.000 0.397 0.590 0.373 0.320 0.290
ML3 0.397 1.000 0.242 0.436 0.531 0.269
ML6 0.590 0.242 1.000 0.246 0.105 0.206
ML5 0.373 0.436 0.246 1.000 0.449 0.428
ML1 0.320 0.531 0.105 0.449 1.000 0.398
ML4 0.290 0.269 0.206 0.428 0.398 1.000
[1] "\nModell-Fit:"
[1] 331.8625
[1] 1.439163e-10
NULL
