[1] "ESEM Analyse (38 Items, alle Teilnehmenden)"
[1] "2025-05-24 00:41:03 CEST"
[1] "\nFaktorladungen:"

Loadings:
    ML2    ML7    ML1    ML3    ML4    ML5    ML6   
I1   0.445  0.375                             -0.110
I2          0.482 -0.116                0.262       
I3   0.167  0.520         0.132               -0.120
I4   0.409  0.363                       0.131       
I5          0.501  0.182         0.110              
I6   0.291  0.399         0.105                     
I7   0.306  0.431                       0.156 -0.108
I8   0.316 -0.149  0.156  0.162  0.107              
I9   0.823                                          
I10 -0.719 -0.141                                   
I11  0.153  0.550                0.104              
I12  0.747  0.115        -0.124         0.103       
I13  0.768 -0.186         0.145                     
I14                0.710  0.101                     
I15                       0.837                     
I16                              0.768              
I17                       0.149         0.738       
I18        -0.123         0.731         0.112 -0.111
I19  0.145                       0.514  0.244       
I20                              0.801              
I21                0.876                            
I22                              0.748              
I23                              0.291  0.461  0.138
I24                                     0.847       
I25               -0.875                       0.275
I26  0.122        -0.171                0.110  0.570
I27         0.137  0.602                0.107  0.372
I28                       0.930                     
I29                0.681  0.224                0.278
I30  0.114                0.660                     
I31  0.256  0.370                0.145              
I32 -0.178 -0.491        -0.102 -0.205              
I33        -0.413 -0.225                      -0.283
I34  0.276  0.411  0.120                       0.111
I35        -0.328               -0.122        -0.141
I36         0.365                0.240         0.109
I37 -0.164 -0.299                                   
I38  0.604  0.125  0.130         0.106              

                 ML2   ML7   ML1   ML3   ML4   ML5   ML6
SS loadings    3.696 2.917 3.073 2.790 2.379 1.738 0.879
Proportion Var 0.097 0.077 0.081 0.073 0.063 0.046 0.023
Cumulative Var 0.097 0.174 0.255 0.328 0.391 0.437 0.460
[1] "\nFaktorkorrelationen:"
      ML2   ML7   ML1   ML3   ML4   ML5   ML6
ML2 1.000 0.620 0.297 0.354 0.387 0.314 0.120
ML7 0.620 1.000 0.229 0.160 0.267 0.206 0.050
ML1 0.297 0.229 1.000 0.461 0.314 0.210 0.157
ML3 0.354 0.160 0.461 1.000 0.433 0.420 0.129
ML4 0.387 0.267 0.314 0.433 1.000 0.440 0.028
ML5 0.314 0.206 0.210 0.420 0.440 1.000 0.081
ML6 0.120 0.050 0.157 0.129 0.028 0.081 1.000
[1] "\nModell-Fit:"
[1] 854.2796
[1] 2.668507e-26
NULL
