[1] "ESEM Analyse (38 Items, nur binäre Teilnehmende)"
[1] "2025-05-24 00:40:04 CEST"
[1] "\nFaktorladungen:"

Loadings:
    ML2    ML7    ML1    ML3    ML4    ML5    ML6   
I1   0.406  0.435                                   
I2          0.560               -0.104  0.265       
I3          0.608         0.143                     
I4   0.337  0.456                       0.137       
I5          0.522  0.161 -0.138  0.181              
I6   0.218  0.491                                   
I7   0.287  0.468                       0.145       
I8   0.345 -0.139  0.148  0.144  0.178              
I9   0.751  0.102                                   
I10 -0.729 -0.128                                   
I11  0.166  0.548                0.125         0.132
I12  0.757  0.113        -0.130         0.121       
I13  0.711 -0.156         0.212                     
I14                0.711  0.102                     
I15                       0.819                     
I16                              0.781              
I17                       0.142         0.745       
I18        -0.130         0.728         0.110 -0.155
I19  0.114                       0.480  0.267       
I20                              0.797              
I21        -0.113  0.882                            
I22                              0.709              
I23                              0.297  0.497  0.138
I24                                     0.801       
I25               -0.880                       0.215
I26  0.210 -0.210 -0.230 -0.143         0.133  0.481
I27                0.604                0.128  0.386
I28         0.111         0.907                     
I29                0.673  0.234                0.315
I30  0.111                0.637                     
I31  0.256  0.383                0.116              
I32 -0.257 -0.409               -0.217              
I33 -0.121 -0.294 -0.224                      -0.296
I34  0.309  0.339  0.110                       0.176
I35        -0.213                             -0.209
I36         0.306                0.251         0.203
I37 -0.163 -0.333                                   
I38  0.608         0.160                       0.109

                 ML2   ML7   ML1   ML3   ML4   ML5   ML6
SS loadings    3.498 3.080 3.123 2.745 2.343 1.736 0.862
Proportion Var 0.092 0.081 0.082 0.072 0.062 0.046 0.023
Cumulative Var 0.092 0.173 0.255 0.328 0.389 0.435 0.458
[1] "\nFaktorkorrelationen:"
      ML2   ML7   ML1   ML3   ML4   ML5   ML6
ML2 1.000 0.580 0.291 0.336 0.371 0.307 0.222
ML7 0.580 1.000 0.221 0.159 0.262 0.210 0.110
ML1 0.291 0.221 1.000 0.452 0.360 0.202 0.170
ML3 0.336 0.159 0.452 1.000 0.448 0.381 0.119
ML4 0.371 0.262 0.360 0.448 1.000 0.439 0.139
ML5 0.307 0.210 0.202 0.381 0.439 1.000 0.084
ML6 0.222 0.110 0.170 0.119 0.139 0.084 1.000
[1] "\nModell-Fit:"
[1] 788.9519
[1] 5.983243e-20
NULL
