[1] "ESEM Analyse (37 Items) - Nur AFAB Männer"
[1] "2025-05-24 00:57:48 CEST"
[1] "\nStichprobengröße:"
[1] 97
[1] "\nFaktorladungen:"

Loadings:
    ML4    ML2    ML6    ML3    ML5    ML7    ML1   
I1   0.117  0.405  0.391 -0.201         0.148       
I2         -0.165  0.380        -0.201  0.254  0.337
I3                 0.607  0.308         0.295       
I4   0.134  0.130  0.631                            
I5   0.151         0.465 -0.182  0.101  0.277       
I6                 0.828               -0.197       
I7          0.303  0.419 -0.154  0.169  0.218       
I8   0.114  0.477         0.110  0.185        -0.129
I9          0.678  0.114  0.171 -0.155  0.223       
I10        -0.610 -0.197 -0.120        -0.224       
I11  0.111  0.243  0.370                0.311       
I12         0.606  0.246 -0.113                     
I13         0.800         0.180                0.119
I14  0.758                       0.151              
I15  0.126  0.174         0.687                     
I16                              0.802  0.175       
I17                                            0.965
I18  0.103  0.179         0.625        -0.183  0.248
I19  0.126  0.142         0.165  0.580 -0.147  0.149
I20        -0.148                0.707  0.113       
I21  0.866  0.103                      -0.108  0.179
I22                0.149         0.732 -0.223       
I23  0.209 -0.101  0.128  0.180  0.441         0.145
I24                              0.367         0.500
I25 -0.798  0.158 -0.218 -0.109         0.105       
I27  0.754  0.145                                   
I28                       0.859                     
I29  0.843                0.148         0.103       
I30                       0.776         0.112       
I31  0.226  0.138  0.320                0.184       
I32        -0.267 -0.137 -0.104 -0.123 -0.472       
I33 -0.393 -0.108         0.128        -0.422 -0.109
I34  0.269  0.379  0.109 -0.229         0.172  0.135
I35 -0.204                0.167        -0.133 -0.101
I36         0.178                0.157  0.574       
I37               -0.403 -0.112        -0.143       
I38  0.210  0.665                0.122              

                 ML4   ML2   ML6   ML3   ML5   ML7   ML1
SS loadings    3.834 3.367 2.822 2.744 2.614 1.607 1.576
Proportion Var 0.104 0.091 0.076 0.074 0.071 0.043 0.043
Cumulative Var 0.104 0.195 0.271 0.345 0.416 0.459 0.502
[1] "\nFaktorkorrelationen:"
      ML4   ML2   ML6   ML3   ML5   ML7   ML1
ML4 1.000 0.367 0.190 0.329 0.345 0.153 0.333
ML2 0.367 1.000 0.414 0.274 0.215 0.319 0.295
ML6 0.190 0.414 1.000 0.075 0.134 0.340 0.184
ML3 0.329 0.274 0.075 1.000 0.395 0.019 0.452
ML5 0.345 0.215 0.134 0.395 1.000 0.088 0.383
ML7 0.153 0.319 0.340 0.019 0.088 1.000 0.088
ML1 0.333 0.295 0.184 0.452 0.383 0.088 1.000
[1] "\nModell-Fit:"
[1] 515.7801
[1] 0.002262184
NULL
