[1] "ESEM Analyse (37 Items) - Nur AMAB Teilnehmende"
[1] "2025-05-24 00:50:02 CEST"
[1] "\nStichprobengröße und Verteilung:"

Non-binary (AMAB/AFAB)           Woman (AMAB) 
                    42                    154 
[1] "\nFaktorladungen:"

Loadings:
    ML3    ML6    ML1    ML2    ML7    ML4    ML5   
I1                 0.196         0.650              
I2  -0.146                       0.436         0.219
I3   0.174  0.150                0.487              
I4                 0.520  0.135  0.281 -0.103       
I5   0.307  0.195                0.330              
I6          0.276  0.263  0.153  0.244              
I7                 0.140         0.563              
I8   0.199         0.195  0.221         0.175       
I9                 0.666         0.183  0.131       
I10        -0.228 -0.487        -0.221        -0.104
I11         0.489                0.166              
I12         0.141  0.563 -0.115  0.262         0.160
I13                0.663        -0.106  0.153       
I14  0.679                0.162                     
I15  0.102                0.804                     
I16         0.158                       0.668       
I17                       0.128                0.681
I18               -0.179  0.653  0.162  0.162  0.143
I19  0.187 -0.100  0.239                0.447  0.192
I20        -0.131                       0.782       
I21  0.878                                          
I22         0.130                       0.752       
I23  0.146         0.173                0.209  0.384
I24                                            0.873
I25 -0.756         0.149  0.162 -0.122 -0.136       
I27  0.678  0.148  0.167        -0.102              
I28                       0.908                     
I29  0.722  0.121  0.161  0.244        -0.102       
I30                       0.513  0.163         0.141
I31         0.336  0.161  0.104  0.224  0.160       
I32        -0.548               -0.283 -0.173       
I33 -0.127 -0.696                0.130        -0.114
I34         0.644  0.134                            
I35        -0.372                                   
I36         0.499                       0.257       
I37        -0.208 -0.180                      -0.129
I38         0.401  0.341         0.159              

                 ML3   ML6   ML1   ML2   ML7   ML4   ML5
SS loadings    3.097 2.503 2.321 2.466 1.910 2.178 1.629
Proportion Var 0.084 0.068 0.063 0.067 0.052 0.059 0.044
Cumulative Var 0.084 0.151 0.214 0.281 0.332 0.391 0.435
[1] "\nFaktorkorrelationen:"
      ML3   ML6   ML1   ML2   ML7   ML4   ML5
ML3 1.000 0.376 0.266 0.466 0.162 0.306 0.361
ML6 0.376 1.000 0.525 0.342 0.439 0.289 0.193
ML1 0.266 0.525 1.000 0.273 0.483 0.285 0.211
ML2 0.466 0.342 0.273 1.000 0.176 0.335 0.436
ML7 0.162 0.439 0.483 0.176 1.000 0.331 0.211
ML4 0.306 0.289 0.285 0.335 0.331 1.000 0.336
ML5 0.361 0.193 0.211 0.436 0.211 0.336 1.000
[1] "\nModell-Fit:"
[1] 657.1039
[1] 6.194945e-12
NULL
