[1] "ESEM Analyse (37 Items) - Nur AMAB Frauen"
[1] "2025-05-24 00:50:59 CEST"
[1] "\nStichprobengröße:"
[1] 154
[1] "\nFaktorladungen:"

Loadings:
    ML5    ML7    ML3    ML4    ML2    ML1    ML6   
I1   0.158  0.597                       0.110       
I2  -0.175  0.617  0.121                0.125       
I3          0.697                      -0.112       
I4          0.494  0.142        -0.161  0.387  0.147
I5          0.526 -0.153  0.220        -0.166  0.245
I6   0.275  0.400  0.166                0.111       
I7   0.122  0.582                0.138  0.120       
I8   0.164         0.195  0.181  0.249        -0.130
I9   0.385  0.221         0.118         0.330  0.119
I10 -0.466 -0.151                      -0.405       
I11  0.375  0.365  0.111  0.155        -0.120       
I12  0.284  0.263 -0.102                0.557       
I13  0.365         0.137  0.199 -0.115  0.300       
I14                0.239         0.631              
I15  0.102         0.796                            
I16  0.100                0.672                     
I17                0.276  0.127  0.254  0.234 -0.168
I18                0.691  0.153  0.185        -0.193
I19 -0.126                0.527         0.281  0.208
I20 -0.109                0.821                     
I21                              0.795         0.150
I22  0.181                0.691                     
I23                       0.375  0.197  0.394  0.121
I24 -0.158         0.197  0.119  0.332  0.368       
I25                0.116        -0.835              
I27                              0.304         0.613
I28                0.924                       0.118
I29  0.128         0.299         0.365         0.506
I30         0.130  0.498                0.114       
I31  0.380  0.211  0.144  0.132         0.200       
I32 -0.488 -0.307        -0.171                     
I33 -0.580                                    -0.187
I34  0.751         0.126                            
I35 -0.248                                    -0.116
I36  0.427                0.272        -0.152       
I37 -0.139 -0.205        -0.102        -0.189 -0.165
I38  0.668                       0.110  0.196       

                 ML5   ML7   ML3   ML4   ML2   ML1   ML6
SS loadings    3.029 2.752 2.736 2.407 2.412 1.540 1.051
Proportion Var 0.082 0.074 0.074 0.065 0.065 0.042 0.028
Cumulative Var 0.082 0.156 0.230 0.295 0.360 0.402 0.430
[1] "\nFaktorkorrelationen:"
      ML5   ML7   ML3   ML4   ML2   ML1   ML6
ML5 1.000 0.578 0.330 0.353 0.232 0.288 0.312
ML7 0.578 1.000 0.284 0.368 0.193 0.388 0.231
ML3 0.330 0.284 1.000 0.420 0.431 0.199 0.279
ML4 0.353 0.368 0.420 1.000 0.386 0.256 0.196
ML2 0.232 0.193 0.431 0.386 1.000 0.110 0.407
ML1 0.288 0.388 0.199 0.256 0.110 1.000 0.124
ML6 0.312 0.231 0.279 0.196 0.407 0.124 1.000
[1] "\nModell-Fit:"
[1] 614.8154
[1] 7.537963e-09
NULL
